42.37075,-71.07666
42.37072,-71.07668
42.3707,-71.0767
42.37068,-71.07671
42.37065,-71.07674
42.37067,-71.0769
42.37068,-71.07704
42.37068,-71.07707
42.37116,-71.07715
42.37116,-71.07715
42.37075,-71.07653
42.37068,-71.07607
42.37067,-71.07604
42.37064,-71.07581
42.37061,-71.07571
42.37057,-71.07556
42.37046,-71.07522
42.37037,-71.07495
42.37024,-71.07468
42.36966,-71.07352
42.36938,-71.07298
42.36897,-71.07218
42.36843,-71.07114
42.36792,-71.07011
42.36768,-71.06965
42.36767,-71.06963
42.36737,-71.06894
42.36693,-71.0681
42.3669,-71.06803
42.36671,-71.06765
42.3667,-71.06764
42.36662,-71.06746
42.36651,-71.06725
42.3664,-71.06701
42.3663,-71.06676
42.3662,-71.06648
42.36609,-71.06606
42.36603,-71.06572
42.36597,-71.06546
42.36581,-71.06481
42.36566,-71.06449
42.36564,-71.06441
42.36563,-71.06433
42.36565,-71.06415
42.36568,-71.06398
42.36575,-71.06375
42.36595,-71.06328
42.36645,-71.06216
42.3665,-71.06202
42.36653,-71.0619
42.36655,-71.06169
42.36655,-71.06159
42.36653,-71.06151
42.36649,-71.06142
42.36585,-71.06078
42.36574,-71.06068
42.36566,-71.0606
42.36399,-71.0591
42.36354,-71.0586
42.36346,-71.05851
42.36326,-71.05833
42.36319,-71.05828
42.36305,-71.0582
42.36302,-71.05829
42.36302,-71.05829
42.36305,-71.0582
42.36305,-71.05819
42.36297,-71.05815
42.36286,-71.05812
42.36273,-71.0581
42.36256,-71.05805
42.36127,-71.05795
42.36107,-71.05794
42.36096,-71.05795
42.36085,-71.05803
42.35978,-71.05898
42.35953,-71.05922
42.35944,-71.05931
42.35934,-71.05939
42.35921,-71.05951
42.35907,-71.05962
42.35808,-71.06033
42.35781,-71.06058
42.35722,-71.06122
42.35698,-71.06149
42.35681,-71.06166
42.35669,-71.06176
42.35658,-71.06189
42.35633,-71.06219
42.35628,-71.06226
42.35622,-71.06234
42.35592,-71.06269
42.35578,-71.06285
42.35562,-71.06303
42.3555,-71.06317
42.35529,-71.06335
42.35505,-71.0635
42.3549,-71.06352
42.35477,-71.0636
42.35452,-71.06371
42.354,-71.06399
42.3539,-71.06403
42.35372,-71.06413
42.35364,-71.06417
42.35356,-71.06426
42.35335,-71.06436
42.35318,-71.06447
42.35303,-71.06454
42.35301,-71.06455
42.35258,-71.06469
42.35253,-71.06475
42.3525,-71.06481
42.35248,-71.06488
42.35246,-71.06504
42.35259,-71.06713
42.35253,-71.06763
42.35243,-71.06829
42.35224,-71.06911
42.3518,-71.07081
42.35179,-71.07084
42.35176,-71.07097
42.34998,-71.07745
42.34991,-71.07771
42.34983,-71.07803
42.34975,-71.07836
42.34962,-71.07885
42.34788,-71.0853
42.34784,-71.08547
42.34783,-71.08555
42.34783,-71.08565
42.34801,-71.08742
42.34803,-71.08765
42.34805,-71.08788
42.34806,-71.08795
42.34808,-71.08818
42.34808,-71.08856
42.34799,-71.09171
42.348,-71.0918
42.34802,-71.09189
42.34806,-71.092
42.34813,-71.09217
42.34818,-71.09225
42.34864,-71.09279
42.3489,-71.09312
42.34895,-71.09321
42.34896,-71.09328
42.34897,-71.09338
42.34897,-71.0941
42.34897,-71.09413
42.34897,-71.09415
42.34888,-71.09478
42.34888,-71.09481
42.34886,-71.09516
42.34886,-71.09535
42.34884,-71.09578
42.34882,-71.09678
42.34881,-71.09687
42.3488,-71.09697
42.34764,-71.10142
42.34646,-71.10552
42.3462,-71.1065
42.34605,-71.10699
42.34597,-71.10724
42.34594,-71.10733
42.34585,-71.10756
42.34581,-71.1077
42.34579,-71.10774
42.34549,-71.1088
42.34542,-71.10909
42.3453,-71.10954
42.34518,-71.10997
42.34486,-71.11112
42.34484,-71.11118
42.34474,-71.11157
42.34454,-71.11229
42.34437,-71.11289
42.34405,-71.11407
42.34402,-71.11417
42.34394,-71.11445
42.34394,-71.11446
42.3437,-71.11537
42.34344,-71.11624
42.34336,-71.11657
42.34325,-71.11696
42.34315,-71.11736
42.34265,-71.11914
42.34247,-71.11974
42.34236,-71.12011
42.34224,-71.12062
42.34223,-71.12067
42.3422,-71.12086
42.34219,-71.12099
42.34215,-71.12118
42.34213,-71.12127
42.34213,-71.12129
42.3421,-71.1214
42.342,-71.12172
42.34166,-71.12305
42.34146,-71.12403
42.3414,-71.12431
42.3412,-71.12511
42.34107,-71.12559
42.34101,-71.12579
42.34099,-71.12587
42.34082,-71.12639
42.34077,-71.12652
42.34071,-71.12664
42.34066,-71.12679
42.3405,-71.12718
42.34042,-71.12739
42.34023,-71.12797
42.34012,-71.12834
42.34002,-71.12871
42.33994,-71.12904
42.33994,-71.12905
42.33989,-71.12927
42.33979,-71.12979
42.33972,-71.13027
42.33966,-71.13078
42.33964,-71.13106
42.33962,-71.1313
42.33961,-71.13151
42.3396,-71.13197
42.3396,-71.13285
42.33961,-71.13349
42.3396,-71.13378
42.33957,-71.13411
42.33951,-71.13462
42.33947,-71.13482
42.33947,-71.13483
42.33944,-71.13496
42.33938,-71.13519
42.33934,-71.13529
42.33934,-71.1353
42.33931,-71.13537
42.3392,-71.13564
42.33917,-71.13571
42.33912,-71.1359
42.339,-71.13632
42.33865,-71.13784
42.33852,-71.13838
42.33844,-71.13869
42.3384,-71.13886
42.33841,-71.13877
42.33826,-71.13944
42.33806,-71.14028
42.33784,-71.14121
42.33772,-71.14182
42.33766,-71.14211
42.33765,-71.14215
42.33763,-71.14228
42.33754,-71.14271
42.33736,-71.1436
42.3372,-71.14435
42.3371,-71.14489
42.33704,-71.14517
42.33703,-71.14521
42.33697,-71.1455
42.33693,-71.14564
42.33693,-71.14565
42.33663,-71.14711
42.33643,-71.14797
42.3364,-71.1481
42.33631,-71.14843