42.4366626,-71.0709152
42.4364,-71.07096
42.43566,-71.0711
42.43552,-71.07112
42.43542,-71.07114
42.43533,-71.07115
42.43524,-71.07116
42.43428,-71.07135
42.43392,-71.07142
42.43354,-71.07154
42.433,-71.07173
42.43209,-71.0721
42.43202,-71.07213
42.43194,-71.07216
42.43157,-71.07231
42.42988,-71.07297
42.42853,-71.07351
42.42823,-71.07365
42.42786,-71.0738
42.42741,-71.07397
42.42728,-71.07403
42.42671,-71.07426
42.42667,-71.07428
42.42657,-71.07431
42.426,-71.07455
42.42595,-71.07457
42.42447,-71.07517
42.42331,-71.07565
42.42246,-71.07599
42.42205,-71.07614
42.42171,-71.07626
42.42163,-71.07628
42.42066,-71.07655
42.42026,-71.07662
42.4195,-71.07674
42.41898,-71.07681
42.41782,-71.07684
42.41764,-71.07684
42.41713,-71.07683
42.41643,-71.0768
42.41591,-71.0768
42.4147,-71.07682
42.41316,-71.07687
42.41156,-71.07691
42.41104,-71.07691
42.4106,-71.07689
42.40932,-71.07693
42.40635,-71.07699
42.40578,-71.07699
42.40499,-71.077
42.4049,-71.077
42.40441,-71.077
42.40429,-71.077
42.40416,-71.077
42.40395,-71.07702
42.40372,-71.07704
42.40272,-71.07709
42.40265,-71.0771
42.40245,-71.07712
42.40237,-71.07712
42.40172,-71.07715
42.40167,-71.07715
42.40079,-71.07719
42.40043,-71.07721
42.40007,-71.07721
42.39936,-71.07723
42.39885,-71.07724
42.39849,-71.07726
42.39777,-71.07727
42.39698,-71.07728
42.39431,-71.07729
42.39334,-71.07727
42.39281,-71.07723
42.39266,-71.07722
42.39235,-71.07719
42.39132,-71.07709
42.39065,-71.07705
42.38998,-71.07704
42.38952,-71.07705
42.38847,-71.07702
42.38796,-71.077
42.3874,-71.07695
42.38697,-71.07694
42.38646,-71.07693
42.3863,-71.07692
42.38619,-71.07693
42.38579,-71.07692
42.3856,-71.07693
42.38527,-71.07693
42.38515,-71.07692
42.38449,-71.07692
42.38426,-71.07693
42.38413,-71.07694
42.38397,-71.07695
42.38367,-71.07697
42.38311,-71.077
42.38301,-71.077
42.38287,-71.07701
42.38259,-71.07702
42.38178,-71.07696
42.38055,-71.07693
42.38031,-71.07693
42.38017,-71.07691
42.38,-71.07687
42.37974,-71.07678
42.37959,-71.07671
42.37954,-71.07668
42.37936,-71.0766
42.3789,-71.07631
42.377,-71.07468
42.37644,-71.07419
42.37592,-71.07363
42.37546,-71.073
42.37506,-71.07244
42.37449,-71.07148
42.37437,-71.0712
42.37411,-71.07064
42.37367,-71.06963
42.37364,-71.06958
42.37362,-71.06953
42.37345,-71.06908
42.37268,-71.06774
42.37131,-71.06575
42.3713,-71.06572
42.36706,-71.0617
42.36592,-71.06062
42.36583,-71.06053
42.36574,-71.06045
42.36419,-71.05911
42.36353,-71.05836
42.36332,-71.05816
42.36314,-71.05804
42.36311,-71.05802
42.36297,-71.05794
42.36271,-71.05789
42.3604,-71.05769
42.35898,-71.05771
42.35887,-71.05771
42.35877,-71.05771
42.35811,-71.05771
42.35803,-71.05772
42.35791,-71.0578
42.35694,-71.05866
42.3565,-71.05927
42.356,-71.05985
42.35558,-71.06032
42.35557,-71.06033
42.35556,-71.06033
42.35529,-71.0606
42.35492,-71.06103
42.35407,-71.06185
42.35389,-71.06204
42.35362,-71.0623
42.3535,-71.06236
42.35328,-71.06244
42.35307,-71.06245
42.35283,-71.06247
42.35265,-71.06249
42.35253,-71.06251
42.35243,-71.06253
42.3516,-71.0627
42.35097,-71.06286
42.35084,-71.06292
42.35074,-71.06299
42.35044,-71.06332
42.34983,-71.06392
42.34967,-71.06396
42.34952,-71.064
42.34907,-71.06411
42.34899,-71.0642
42.34754,-71.06734
42.34748,-71.06753
42.34746,-71.06767
42.34746,-71.06787
42.34755,-71.06865
42.34756,-71.06899
42.34758,-71.0702
42.3476,-71.0716
42.34759,-71.07229
42.34759,-71.07357
42.34758,-71.07384
42.34757,-71.07433
42.34756,-71.07472
42.34752,-71.07511
42.34746,-71.07558
42.34741,-71.07576
42.3474,-71.07579
42.3474,-71.0758
42.34734,-71.07598
42.34731,-71.07605
42.34721,-71.07623
42.3471,-71.07639
42.34682,-71.07674
42.34635,-71.07735
42.34585,-71.07799
42.34433,-71.07982
42.34417,-71.08002
42.34372,-71.08056
42.34366,-71.08062
42.34342,-71.08091
42.34284,-71.08157
42.34197,-71.08261
42.3417,-71.08297
42.34156,-71.08316
42.34144,-71.08332
42.34138,-71.0834
42.3412,-71.08363
42.34032,-71.08472
42.33786,-71.08777
42.3375,-71.0882
42.33677,-71.0891
42.3366,-71.0893
42.33659,-71.08931
42.33649,-71.08943
42.33574,-71.09036
42.33564,-71.09047
42.3335,-71.09301
42.33342,-71.09311
42.33242,-71.09431
42.33234,-71.09439
42.33186,-71.09492
42.33162,-71.09516
42.33154,-71.09522
42.33137,-71.09537
42.33136,-71.09538
42.33106,-71.09564
42.33007,-71.09644
42.32967,-71.09675
42.32933,-71.09699
42.32909,-71.09712
42.32891,-71.09724
42.32873,-71.09734
42.32842,-71.0975
42.32827,-71.0976
42.32807,-71.09771
42.32782,-71.09784
42.32758,-71.09794
42.32727,-71.09805
42.32695,-71.09819
42.32654,-71.09836
42.32631,-71.09844
42.32617,-71.09849
42.3251,-71.0989
42.32505,-71.09892
42.32485,-71.09899
42.32339,-71.09973
42.32321,-71.09984
42.32295,-71.09998
42.32288,-71.10003
42.32278,-71.1001
42.32258,-71.10025
42.32249,-71.10031
42.32205,-71.10062
42.32166,-71.10094
42.32119,-71.10131
42.32043,-71.10196
42.31959,-71.1027
42.31919,-71.10301
42.3185,-71.10351
42.31822,-71.10369
42.31778,-71.10396
42.31739,-71.10418
42.31727,-71.10425
42.31721,-71.10428
42.31709,-71.10435
42.31702,-71.10439
42.31643,-71.10469
42.31606,-71.10485
42.31596,-71.10489
42.31504,-71.10522
42.31469,-71.10536
42.31416,-71.10558
42.31375,-71.10574
42.31295,-71.1061
42.31249,-71.10631
42.31157,-71.10683
42.3108,-71.10732
42.31067,-71.1074
42.31055,-71.10748
42.31049,-71.10751
42.31041,-71.10757
42.31006,-71.10779
42.30926,-71.1083
42.30895,-71.10851
42.30874,-71.10865
42.30846,-71.10886
42.30762,-71.10939
42.30757,-71.10942
42.30637,-71.11018
42.30602,-71.11042
42.30526,-71.11091
42.30462,-71.11133
42.30418,-71.11165
42.30339,-71.11219
42.30297,-71.11251
42.30244,-71.11288
42.30237,-71.11294
42.30214,-71.11313
42.30206,-71.11318
42.30198,-71.11324
42.3011,-71.11384
42.3007313,-71.1141017