42.35258,-71.05518
42.35267,-71.05539
42.35259,-71.05544
42.3525,-71.05523
42.35239,-71.05497
42.35222,-71.05461
42.35176,-71.0548
42.35176,-71.0548
42.35171,-71.05482
42.35153,-71.05489
42.35064,-71.05534
42.34896,-71.05621
42.34859,-71.05638
42.34796,-71.05675
42.34781,-71.05684
42.34762,-71.05696
42.34739,-71.05713
42.34679,-71.05753
42.34665,-71.05766
42.34649,-71.05786
42.34624,-71.05816
42.34613,-71.05835
42.34603,-71.05854
42.34594,-71.05874
42.34585,-71.05905
42.34582,-71.05922
42.3458,-71.05945
42.34579,-71.05965
42.34579,-71.05978
42.3458,-71.05996
42.34584,-71.06019
42.34591,-71.06056
42.34592,-71.06061
42.34596,-71.06073
42.34599,-71.06091
42.34602,-71.06105
42.34605,-71.06115
42.34607,-71.06123
42.34617,-71.06177
42.34632,-71.06244
42.34643,-71.06294
42.34648,-71.06319
42.34651,-71.0633
42.34675,-71.06443
42.34678,-71.06455
42.34682,-71.06467
42.34707,-71.06564
42.34711,-71.06583
42.34712,-71.06592
42.34717,-71.06621
42.34721,-71.06654
42.34727,-71.06689
42.3473,-71.06727
42.3474,-71.06823
42.34745,-71.06866
42.34749,-71.069
42.3475,-71.07022
42.34752,-71.07126
42.34752,-71.07162
42.34752,-71.07231
42.34752,-71.07318
42.34752,-71.07355
42.34752,-71.07365
42.34751,-71.07371
42.34751,-71.07386
42.34749,-71.07473
42.34747,-71.07497
42.34745,-71.07513
42.34742,-71.07538
42.34741,-71.07542
42.34739,-71.0756
42.34733,-71.07581
42.34727,-71.076
42.34724,-71.07607
42.34714,-71.07624
42.34703,-71.0764
42.34675,-71.07675
42.34628,-71.07737
42.34573,-71.07806
42.34405,-71.07997
42.34363,-71.08055
42.34357,-71.08061
42.34245,-71.0819
42.34163,-71.08289
42.3415,-71.08306
42.34121,-71.08344
42.34084,-71.08388
42.34025,-71.08461
42.34021,-71.08466
42.33968,-71.08535
42.33933,-71.08575
42.33893,-71.0862
42.3386,-71.0866
42.33856,-71.08665
42.33775,-71.08766
42.33748,-71.08799
42.33743,-71.08805
42.33733,-71.08817
42.33669,-71.08894
42.3365,-71.08917
42.33649,-71.08917
42.33623,-71.08949
42.33606,-71.08971
42.33572,-71.09015
42.33565,-71.09022
42.33554,-71.09035
42.3353,-71.09062
42.33368,-71.09257
42.33341,-71.09292
42.33335,-71.093
42.33174,-71.09484
42.33162,-71.09496
42.33149,-71.09509
42.33111,-71.09543
42.33006,-71.0963
42.32954,-71.09665
42.3289,-71.09712
42.32843,-71.09738
42.32836,-71.09742
42.3283,-71.09745
42.32794,-71.0976
42.32734,-71.09787
42.32716,-71.09795
42.32666,-71.09816
42.32591,-71.09842
42.32561,-71.09855
42.32507,-71.09873
42.32493,-71.09876
42.32444,-71.09893
42.32338,-71.09959
42.32274,-71.09993
42.32244,-71.10014
42.32214,-71.10037
42.3213,-71.10103
42.32091,-71.10135
42.32052,-71.1017
42.32002,-71.10213
42.31964,-71.10244
42.31935,-71.10269
42.31922,-71.10278
42.31916,-71.10282
42.31868,-71.10318
42.31852,-71.10329
42.3182,-71.1035
42.31779,-71.10374
42.31735,-71.10401
42.31699,-71.1042
42.31654,-71.10442
42.31603,-71.10465
42.31491,-71.10509
42.31464,-71.10521
42.31458,-71.10523
42.31374,-71.1056
42.31265,-71.10609
42.31197,-71.10646
42.31087,-71.10709
42.31082,-71.10712
42.31076,-71.10717
42.31059,-71.10725
42.31013,-71.10757
42.31002,-71.10762
42.3083,-71.10872
42.30754,-71.10923
42.30748,-71.10927
42.30715,-71.1095
42.30659,-71.10988
42.30608,-71.11022
42.30603,-71.11026
42.30597,-71.11029
42.30586,-71.11036
42.30579,-71.11039
42.30552,-71.11059
42.3044,-71.11129
42.30285,-71.11231
42.30265,-71.11243
42.30204,-71.11284
42.30197,-71.11289
42.30178,-71.11303
42.30146,-71.11325
42.30136,-71.11332
42.30063,-71.11382
42.30035,-71.11401
42.30007,-71.11421
42.29947,-71.11462
42.29921,-71.1148
42.29905,-71.11491
42.29824,-71.11546
42.29821,-71.11548
42.2981,-71.11555
42.29805,-71.11559
42.29739,-71.11604
42.29583,-71.11712
42.29553,-71.1173
42.2955,-71.11732
42.29448,-71.11789
42.29412,-71.11807
42.29329,-71.11843
42.29302,-71.11855
42.29278,-71.11862
42.29246,-71.11874
42.29195,-71.11889
42.2912,-71.11905
42.2904,-71.11916
42.28966,-71.11926
42.28806,-71.1194
42.28654,-71.11948
42.28554,-71.11947
42.28549,-71.11947
42.28542,-71.11947
42.2844,-71.1195
42.28383,-71.11949
42.28331,-71.1195
42.28243,-71.11953
42.28176,-71.11953
42.28123,-71.11956
42.28022,-71.11968
42.28015,-71.1197
42.27975,-71.11979
42.27886,-71.11995
42.2788,-71.11996
42.27873,-71.11998
42.2783,-71.12006
42.27624,-71.1205
42.27532,-71.12069
42.2741,-71.12098
42.27373,-71.12104
42.27196,-71.12141
42.2711,-71.12164
42.27068,-71.12171
42.27063,-71.12172
42.26992,-71.12186
42.269,-71.12206
42.26816,-71.12225
42.26796,-71.1223
42.26751,-71.1224
42.26675,-71.12253
42.26593,-71.12272
42.26477,-71.12296
42.26383,-71.12318
42.26263,-71.12344
42.26223,-71.12352
42.26217,-71.12353
42.2621,-71.12355
42.26083,-71.12381
42.25984,-71.12405
42.25959,-71.1241
42.25813,-71.1244
42.25738,-71.1246
42.25656,-71.12487
42.25577,-71.12519
42.25569,-71.12523
42.25562,-71.12526
42.25528,-71.12543
42.25518,-71.12548
42.25503,-71.12554
42.25462,-71.12574
42.25419,-71.12594
42.25393,-71.12607
42.253,-71.12651
42.25266,-71.12669
42.25204,-71.12698
42.2516,-71.1272
42.25136,-71.12731
42.25108,-71.12743
42.25048,-71.12774
42.24944,-71.12824
42.24921,-71.12836
42.24879,-71.12855
42.24843,-71.12874
42.24802,-71.12893
42.24796,-71.12896
42.24789,-71.12899
42.24763,-71.1291
42.24644,-71.12969
42.24617,-71.12983
42.24585,-71.12998
42.24513,-71.13033
42.24434,-71.1307
42.24351,-71.13111
42.24291,-71.13142
42.24199,-71.13183
42.24142,-71.13213
42.24108,-71.13228
42.24086,-71.13239
42.24043,-71.13259
42.24,-71.13281
42.23954,-71.13302
42.23946,-71.13305
42.2394,-71.13309
42.23929,-71.13313
42.23846,-71.13352
42.23799,-71.13377
42.23755,-71.13399
42.23749,-71.13402
42.23745,-71.13404
42.23537,-71.13506
42.23451,-71.13547
42.23419,-71.13563
42.23388,-71.13579
42.23346,-71.13599
42.23306,-71.13619
42.23223,-71.13657
42.23127,-71.13704
42.2303,-71.13749
42.22971,-71.13779
42.22948,-71.13789
42.2286,-71.1383
42.228,-71.13859
42.2275,-71.13884
42.22701,-71.13912
42.2267,-71.13926
42.22637,-71.13941
42.22586,-71.13966
42.22555,-71.13982
42.22511,-71.14002
42.22435,-71.14038
42.22388,-71.14061
42.21562,-71.1446
42.21148,-71.1466
42.21139,-71.14665
42.21132,-71.14668
42.21124,-71.14672
42.21117,-71.14675
42.2111,-71.14679
42.21028,-71.14718
42.21012,-71.14725
42.20995,-71.14734
42.20965,-71.14748
42.20926,-71.14767
42.20684,-71.14882
42.2067,-71.1489
42.20646,-71.14904
42.20501,-71.14973
42.20458,-71.14996
42.20397,-71.15023
42.203,-71.15071
42.20266,-71.15087
42.20206,-71.15117
42.20183,-71.15129
42.20136,-71.15151
42.20045,-71.15195
42.20024,-71.15204
42.19917,-71.15256
42.19836,-71.15294
42.198,-71.1531
42.19782,-71.15319
42.19773,-71.15324
42.1974,-71.15338
42.19719,-71.15349
42.19664,-71.15376
42.19625,-71.15396
42.19621,-71.15398
42.19614,-71.15402
42.1956,-71.15426
42.19457,-71.15473
42.19413,-71.15491
42.19372,-71.15504
42.1934,-71.15514
42.19307,-71.15524
42.19261,-71.15534
42.19201,-71.15548
42.19132,-71.15558
42.1908,-71.15563
42.19031,-71.15565
42.18953,-71.15564
42.18828,-71.15556
42.18815,-71.15556
42.18804,-71.15555
42.18791,-71.15555
42.18768,-71.15553
42.18755,-71.15551
42.18743,-71.15551
42.18593,-71.15541
42.1852,-71.15537
42.18473,-71.15533
42.18227,-71.15516
42.18165,-71.15513
42.18094,-71.15508
42.18025,-71.15504
42.17823,-71.1549
42.17686,-71.1548
42.17495,-71.15468
42.17298,-71.15454
42.17207,-71.15448
42.17044,-71.15436
42.16998,-71.15436
42.16926,-71.15431
42.16835,-71.15427
42.16722,-71.1542
42.16664,-71.15416
42.1665,-71.15413
42.16631,-71.15412
42.16588,-71.15408
42.16504,-71.15403
42.16498,-71.15403
42.16493,-71.15403
42.16423,-71.15399
42.16363,-71.15395
42.1632,-71.15393
42.16298,-71.15391
42.16296,-71.15391
42.16287,-71.15389
42.16275,-71.15382
42.16262,-71.15373
42.16247,-71.1536
42.16234,-71.1535
42.16222,-71.1534
42.16208,-71.15325
42.16188,-71.15301
42.16167,-71.15271
42.16126,-71.15215
42.16102,-71.15184
42.16066,-71.15134
42.16032,-71.15089
42.15967,-71.14997
42.15901,-71.14909
42.15858,-71.14845
42.15772,-71.14727
42.15738,-71.14678
42.15699,-71.14608
42.15685,-71.1458
42.15676,-71.14561
42.15674,-71.14557
42.1563,-71.14445
42.15573,-71.14322
42.15497,-71.14181
42.15308,-71.13908
42.15204,-71.13712
42.15184,-71.13676
42.1517,-71.13643
42.15106,-71.13508
42.15053,-71.13388
42.14991,-71.13264
42.14951,-71.1317
42.14913,-71.13088
42.14887,-71.13035
42.14853,-71.12978
42.14847,-71.1297
42.14807,-71.1292
42.14773,-71.12878
42.14703,-71.12807
42.14642,-71.12748
42.14561,-71.12677
42.14504,-71.12631
42.1446,-71.12602
42.14377,-71.12558
42.14314,-71.12531
42.1425,-71.12506
42.14098,-71.12442
42.13921,-71.12371
42.13829,-71.12333
42.13762,-71.12302
42.13681,-71.12268
42.1359,-71.12233
42.13431,-71.12166
42.13397,-71.12153
42.13343,-71.12132
42.13296,-71.12106
42.13256,-71.1208
42.13222,-71.12053
42.13189,-71.12024
42.13145,-71.11977
42.13111,-71.11941
42.1308,-71.11903
42.13017,-71.11814
42.12963,-71.1172
42.12932,-71.11659
42.12899,-71.11574
42.12876,-71.11514
42.12804,-71.11312
42.12753,-71.11162
42.12703,-71.11028
42.12653,-71.10889
42.12628,-71.10812
42.12599,-71.10722
42.12577,-71.10659
42.12544,-71.10565
42.12529,-71.10531
42.12511,-71.10496
42.12488,-71.10462
42.12459,-71.10425
42.12439,-71.10401
42.12406,-71.10368
