42.35176,-71.0548
42.35171,-71.05482
42.35153,-71.05489
42.35064,-71.05534
42.34896,-71.05621
42.34859,-71.05638
42.34796,-71.05675
42.34781,-71.05684
42.34762,-71.05696
42.34738,-71.05713
42.34679,-71.05753
42.34665,-71.05766
42.34648,-71.05786
42.34624,-71.05816
42.34613,-71.05835
42.34603,-71.05854
42.34594,-71.05874
42.34585,-71.05905
42.34582,-71.05922
42.3458,-71.05945
42.34579,-71.05965
42.34579,-71.05978
42.3458,-71.05996
42.34584,-71.06019
42.34591,-71.06055
42.34592,-71.06061
42.34596,-71.06073
42.34599,-71.06091
42.34602,-71.06105
42.34604,-71.06115
42.34607,-71.06123
42.34617,-71.06177
42.34632,-71.06244
42.34643,-71.06294
42.34648,-71.06319
42.34651,-71.0633
42.34675,-71.06443
42.34678,-71.06455
42.34682,-71.06467
42.34707,-71.06564
42.34711,-71.06583
42.34712,-71.06592
42.34717,-71.06621
42.34721,-71.06654
42.34726,-71.06689
42.3473,-71.06727
42.3474,-71.06823
42.34745,-71.06866
42.34749,-71.069
42.3475,-71.07022
42.34752,-71.07126
42.34752,-71.07161
42.34752,-71.07231
42.34752,-71.07318
42.34752,-71.07355
42.34752,-71.07364
42.34751,-71.07371
42.34751,-71.07386
42.34749,-71.07473
42.34747,-71.07497
42.34745,-71.07513
42.34742,-71.07538
42.34741,-71.07542
42.34739,-71.0756
42.34733,-71.07581
42.34727,-71.076
42.34724,-71.07606
42.34714,-71.07624
42.34703,-71.0764
42.34675,-71.07675
42.34628,-71.07737
42.34573,-71.07806
42.34405,-71.07997
42.34363,-71.08055
42.34357,-71.08061
42.34245,-71.0819
42.34163,-71.08289
42.3415,-71.08306
42.34121,-71.08344
42.34084,-71.08388
42.34025,-71.08461
42.34021,-71.08466
42.33968,-71.08535
42.33933,-71.08575
42.33893,-71.0862
42.3386,-71.0866
42.33856,-71.08665
42.33775,-71.08766
42.33748,-71.08799
42.33743,-71.08805
42.33733,-71.08817
42.33669,-71.08894
42.3365,-71.08917
42.33649,-71.08917
42.33623,-71.08949
42.33621,-71.08951
42.33606,-71.08971
42.33572,-71.09014
42.33565,-71.09022
42.33554,-71.09035
42.3353,-71.09062
42.33368,-71.09257
42.33341,-71.09292
42.33334,-71.093
42.33174,-71.09484
42.33162,-71.09496
42.33149,-71.09509
42.33111,-71.09543
42.33006,-71.0963
42.32954,-71.09665
42.3289,-71.09712
42.32843,-71.09738
42.32836,-71.09742
42.3283,-71.09745
42.32794,-71.0976
42.32734,-71.09787
42.32716,-71.09795
42.32666,-71.09816
42.32591,-71.09842
42.32561,-71.09855
42.32507,-71.09873
42.32493,-71.09876
42.32444,-71.09893
42.32338,-71.09959
42.32274,-71.09993
42.32244,-71.10014
42.32214,-71.10037
42.3213,-71.10103
42.32091,-71.10135
42.32052,-71.1017
42.32002,-71.10213
42.31964,-71.10244
42.31935,-71.10269
42.31922,-71.10278
42.31916,-71.10282
42.31868,-71.10317
42.31852,-71.10329
42.3182,-71.1035
42.31779,-71.10374
42.31735,-71.10401
42.31699,-71.1042
42.31654,-71.10442
42.31602,-71.10465
42.31491,-71.10509
42.31464,-71.10521
42.31458,-71.10523
42.31374,-71.1056
42.31265,-71.10609
42.31197,-71.10646
42.31088,-71.10709
42.31082,-71.10712
42.31076,-71.10717
42.31059,-71.10725
42.31013,-71.10757
42.31002,-71.10762
42.3083,-71.10872
42.30754,-71.10923
42.30748,-71.10927
42.30716,-71.1095
42.30659,-71.10988
42.30608,-71.11022
42.30603,-71.11025
42.30597,-71.11029
42.30586,-71.11036
42.30579,-71.1104
42.30552,-71.11059
42.3044,-71.11128
42.30285,-71.11231
42.30265,-71.11243
42.30204,-71.11284
42.30196,-71.11289
42.30178,-71.11303
42.30146,-71.11325
42.30136,-71.11332
42.30063,-71.11382
42.30035,-71.11401
42.30007,-71.11421
42.29947,-71.11462
42.29921,-71.1148
42.29905,-71.11491
42.29824,-71.11546
42.29821,-71.11548
42.2981,-71.11555
42.29805,-71.11559
42.29739,-71.11604
42.29583,-71.11712
42.29553,-71.1173
42.2955,-71.11732
42.29448,-71.11789
42.29412,-71.11807
42.29329,-71.11843
42.29302,-71.11855
42.29278,-71.11862
42.29246,-71.11874
42.29195,-71.11889
42.2912,-71.11905
42.2904,-71.11915
42.28966,-71.11926
42.28806,-71.1194
42.28654,-71.11948
42.28554,-71.11947
42.28549,-71.11947
42.28542,-71.11947
42.2844,-71.1195
42.28383,-71.11949
42.28331,-71.1195
42.28243,-71.11953
42.28176,-71.11953
42.28123,-71.11956
42.28022,-71.11968
42.28015,-71.11969
42.27974,-71.11978
42.27886,-71.11995
42.2788,-71.11996
42.27873,-71.11998
42.2783,-71.12006
42.27624,-71.1205
42.27532,-71.12069
42.2741,-71.12098
42.27373,-71.12104
42.27196,-71.12141
42.2711,-71.12164
42.27068,-71.12171
42.27063,-71.12173
42.26992,-71.12186
42.269,-71.12206
42.26816,-71.12225
42.26796,-71.1223
42.26751,-71.1224
42.26675,-71.12253
42.26593,-71.12272
42.26477,-71.12296
42.26383,-71.12318
42.26263,-71.12344
42.26223,-71.12352
42.26217,-71.12353
42.2621,-71.12355
42.26084,-71.12381
42.25984,-71.12405
42.25959,-71.1241
42.25813,-71.1244
42.25738,-71.1246
42.25656,-71.12487
42.25578,-71.12519
42.25569,-71.12523
42.25562,-71.12526
42.25528,-71.12543
42.25518,-71.12548
42.25503,-71.12554
42.25462,-71.12574
42.25419,-71.12594
42.25392,-71.12607
42.253,-71.12652
42.25266,-71.12669
42.25204,-71.12698
42.25159,-71.1272
42.25136,-71.12731
42.25108,-71.12743
42.25048,-71.12774
42.24944,-71.12824
42.24921,-71.12836
42.24879,-71.12855
42.24843,-71.12874
42.24802,-71.12893
42.24796,-71.12896
42.24789,-71.12899
42.24764,-71.1291
42.24644,-71.12969
42.24617,-71.12983
42.24585,-71.12998
42.24514,-71.13034
42.24434,-71.1307
42.24351,-71.13111
42.24291,-71.13141
42.24199,-71.13183
42.24142,-71.13213
42.24107,-71.13228
42.24086,-71.13239
42.24043,-71.13259
42.24,-71.13281
42.23954,-71.13302
42.23946,-71.13305
42.2394,-71.13309
42.2393,-71.13313
42.23846,-71.13352
42.23799,-71.13377
42.23755,-71.13399
42.23749,-71.13402
42.23745,-71.13404
42.23537,-71.13506
42.23451,-71.13546
42.23419,-71.13562
42.23388,-71.13579
42.23346,-71.13599
42.23306,-71.13619
42.23223,-71.13657
42.23127,-71.13704
42.2303,-71.13749
42.22971,-71.13779
42.22948,-71.13789
42.2286,-71.1383
42.228,-71.13859
42.2275,-71.13884
42.22701,-71.13912
42.2267,-71.13926
42.22637,-71.13941
42.22586,-71.13966
42.22555,-71.13982
42.22511,-71.14002
42.22435,-71.14038
42.22388,-71.14061
42.21562,-71.1446
42.21148,-71.1466
42.21139,-71.14664
42.21132,-71.14668
42.21124,-71.14672
42.21117,-71.14675
42.2111,-71.14679
42.21028,-71.14718
42.21012,-71.14725
42.20995,-71.14734
42.20965,-71.14748
42.20926,-71.14767
42.20684,-71.14882
42.2067,-71.1489
42.20646,-71.14904
42.20501,-71.14973
42.20458,-71.14996
42.20397,-71.15023
42.203,-71.15071
42.20266,-71.15087
42.20206,-71.15117
42.20183,-71.15129
42.20136,-71.15151
42.20045,-71.15195
42.20024,-71.15204
42.19917,-71.15256
42.19836,-71.15294
42.198,-71.1531
42.19782,-71.15319
42.19773,-71.15324
42.1974,-71.15338
42.19719,-71.15349
42.19664,-71.15376
42.19625,-71.15396
42.19621,-71.15398
42.19614,-71.15402
42.1956,-71.15426
42.19457,-71.15473
42.19413,-71.15491
42.19372,-71.15504
42.1934,-71.15514
42.19307,-71.15524
42.19261,-71.15534
42.19201,-71.15548
42.19132,-71.15558
42.1908,-71.15563
42.19031,-71.15565
42.18953,-71.15564
42.18828,-71.15556
42.18815,-71.15556
42.18804,-71.15555
42.18791,-71.15555
42.18768,-71.15553
42.18755,-71.15551
42.18743,-71.15551
42.18593,-71.15541
42.1852,-71.15537
42.18473,-71.15533
42.18227,-71.15516
42.18165,-71.15513
42.18094,-71.15508
42.18025,-71.15504
42.17823,-71.1549
42.17686,-71.1548
42.17495,-71.15468
42.17298,-71.15454
42.17207,-71.15448
42.17044,-71.15436
42.16998,-71.15436
42.16926,-71.15431
42.16835,-71.15427
42.16722,-71.1542
42.16664,-71.15416
42.1665,-71.15413
42.16631,-71.15412
42.16588,-71.15408
42.16504,-71.15403
42.16498,-71.15403
42.16493,-71.15403
42.16423,-71.15399
42.16363,-71.15395
42.1632,-71.15393
42.16298,-71.15391
42.16296,-71.15391
42.16287,-71.15389
42.1622,-71.15382
42.16159,-71.15378
42.16091,-71.15376
42.16034,-71.15377
42.15982,-71.15379
42.1593,-71.15386
42.15898,-71.15389
42.15882,-71.15389
42.1586,-71.15392
42.1579,-71.15409
42.15735,-71.15427
42.15603,-71.1548
42.15523,-71.1552
42.15408,-71.15587
42.15317,-71.15652
42.15191,-71.15752
42.15134,-71.15799
42.15087,-71.15836
42.15002,-71.15906
42.14889,-71.15997
42.14819,-71.16049
42.14795,-71.16069
42.14791,-71.16072
42.14788,-71.16075
42.14755,-71.16101
42.14723,-71.16133
42.14691,-71.16162
42.14636,-71.16217
42.14476,-71.16397
42.14345,-71.16547
42.14228,-71.16681
42.14106,-71.16817
42.14062,-71.16871
42.14002,-71.16937
42.1397,-71.16976
42.13914,-71.17039
42.1386,-71.171
42.13788,-71.17181
42.13757,-71.17217
42.13478,-71.17534
42.1342,-71.17594
42.13391,-71.17621
42.13322,-71.17684
42.13311,-71.17692
42.13301,-71.17701
42.13297,-71.17704
42.13293,-71.17707
42.13263,-71.17736
42.13159,-71.17827
42.13103,-71.17877
42.12992,-71.17975
42.12945,-71.18017
42.12895,-71.18058
42.12787,-71.18154
42.12678,-71.18252
42.12524,-71.18388
42.12518,-71.18394
42.12513,-71.18399
42.12479,-71.18428
42.12469,-71.18438
42.12462,-71.18444
42.12456,-71.18449
42.12416,-71.18483
42.12389,-71.18505
42.12352,-71.18531
42.1232,-71.18551
42.12275,-71.18583
42.12224,-71.18616
42.12135,-71.18678
42.12073,-71.18719
42.11993,-71.18775
42.11831,-71.18884
42.11783,-71.18918
42.11684,-71.18984
42.11599,-71.19028
42.11557,-71.19049
42.11471,-71.19085
42.11395,-71.19112
42.11314,-71.19133
42.11211,-71.19155
42.11145,-71.19165
42.11125,-71.19168
42.11116,-71.19169
42.11106,-71.1917
42.11051,-71.19176
42.10793,-71.19217
42.1072,-71.19226
42.10658,-71.19234
42.10496,-71.19256
42.10283,-71.19287
42.09951,-71.19334
42.09608,-71.19381
42.09446,-71.19404
42.09162,-71.19443
42.08932,-71.19477
42.08693,-71.1951
42.08685,-71.19511
42.08679,-71.19512
42.08064,-71.19598
42.07999,-71.19606
42.07947,-71.19613
42.07805,-71.19634
42.07642,-71.19656
42.07228,-71.19715
42.07179,-71.19723
42.07144,-71.19729
42.07107,-71.19738
42.07073,-71.19746
42.07037,-71.19757
42.07005,-71.19767
42.06978,-71.19777
42.0694,-71.19791
42.06919,-71.198
42.06857,-71.19827
42.0682,-71.19845
42.0653,-71.19999
42.06407,-71.20066
42.06122,-71.20217
42.06007,-71.20278
42.05961,-71.20304
42.05899,-71.20336
42.05844,-71.20366
42.05788,-71.20395
42.05543,-71.20526
42.05446,-71.20576
42.04876,-71.2088
42.04805,-71.20919
42.04753,-71.20949
42.04686,-71.20994
42.0462,-71.21041
42.04402,-71.21195
42.04321,-71.21252
42.04223,-71.21323
42.04136,-71.21384
42.03833,-71.21599
42.03742,-71.21662
42.03517,-71.21822
42.03421,-71.21889
42.03352,-71.21939
42.03278,-71.21991
42.03277,-71.21992
42.03262,-71.22002
42.03158,-71.22075
42.03081,-71.22131
42.03026,-71.2217
42.02923,-71.22242
42.02861,-71.22287
42.02808,-71.22324
42.02722,-71.22386
42.02534,-71.2252
42.0243,-71.22594
42.02359,-71.22644
42.02013,-71.22889
42.01971,-71.22918
42.01895,-71.22971
42.01801,-71.2304
42.01725,-71.23093
42.01603,-71.23177
42.01467,-71.23275
42.01349,-71.23362
42.0133,-71.23375
42.01322,-71.23381
42.01316,-71.23385
42.01305,-71.23392
42.01293,-71.234
42.01286,-71.23405
42.01278,-71.2341
42.01266,-71.23419
42.01192,-71.23469
42.01075,-71.23551
42.01062,-71.2356
42.01053,-71.23567
42.01049,-71.2357
42.01042,-71.23575
42.0098,-71.23621
42.00961,-71.23636
42.00806,-71.23745
42.00582,-71.23904
42.00375,-71.24051
42.00227,-71.24153
42.00104,-71.2424
42,-71.24314
41.99959,-71.24343
41.99953,-71.24348
41.99952,-71.24348
41.99946,-71.24352
41.99904,-71.24383
41.99802,-71.24453
41.99754,-71.24487
41.99519,-71.24654
41.99364,-71.24764
41.99162,-71.24908
41.98763,-71.25189
41.98687,-71.25243
41.98553,-71.25339
41.98468,-71.25398
41.98462,-71.25403
41.9822,-71.25572
41.98075,-71.25676
41.97787,-71.25881
41.97644,-71.25982
41.97568,-71.26036
41.9752,-71.2607
41.97211,-71.26289
41.96872,-71.26527
41.9685,-71.26542
41.96775,-71.26594
41.96631,-71.26697
41.96492,-71.26794
41.96364,-71.26885
41.96189,-71.2701
41.96179,-71.27017
41.96169,-71.27024
41.95853,-71.27247
41.95665,-71.27382
41.95285,-71.27649
41.95272,-71.27658
41.94819,-71.27978
41.94746,-71.2803
41.94663,-71.28094
41.94496,-71.28212
41.94478,-71.28225
41.9447,-71.2823
41.94458,-71.28238
41.94259,-71.28372
41.94216,-71.28402
41.94172,-71.28437
41.94153,-71.2845
41.94143,-71.28457
41.9411,-71.28479
41.94072,-71.28506
41.93798,-71.28697
41.93629,-71.28817
41.93625,-71.2882
41.93621,-71.28822
41.93614,-71.28827
41.93528,-71.28889
41.93467,-71.28931
41.93458,-71.28937
41.9325,-71.29084
41.93165,-71.29144
41.9316,-71.29148
41.93154,-71.29152
41.93004,-71.29256
41.92901,-71.2933
41.92654,-71.29504
41.92428,-71.29664
41.92244,-71.29793
41.92162,-71.29851
41.92102,-71.29894
41.92009,-71.29959
41.91879,-71.30051
41.91768,-71.30128
41.9174,-71.30148
41.91636,-71.30221
41.91528,-71.30297
41.9131,-71.30454
41.91206,-71.30527
41.91201,-71.3053
41.91197,-71.30534
41.9103,-71.30652
41.9097,-71.30697
41.90937,-71.30723
41.90891,-71.30763
41.90858,-71.30795
41.90831,-71.30822
41.90823,-71.30832
41.90792,-71.30866
41.90771,-71.30892
41.9074,-71.30933
41.90729,-71.3095
41.9071,-71.30976
41.9068,-71.31022
41.90652,-71.3107
41.90623,-71.31123
41.90597,-71.31175
41.90571,-71.31236
41.9055,-71.3129
41.90538,-71.31324
41.90522,-71.31372
41.90502,-71.31442
41.9049,-71.31489
41.90476,-71.31551
41.90434,-71.31785
41.90429,-71.31811
41.904,-71.31979
41.90378,-71.321
41.90373,-71.32129
41.90361,-71.32194
41.9034,-71.32318
41.90258,-71.32777
41.90217,-71.3302
41.90216,-71.33026
41.90216,-71.33028
41.90215,-71.33032
41.90158,-71.33344
41.90135,-71.33478
41.90084,-71.33764
41.90058,-71.33899
41.90041,-71.34
41.90035,-71.34035
41.90022,-71.3412
41.89984,-71.34334
41.8996,-71.34467
41.89942,-71.34569
41.8994,-71.34578
41.89938,-71.34589
41.89906,-71.3478
41.89888,-71.34884
41.8983,-71.35213
41.89785,-71.35459
41.89782,-71.35473
41.89781,-71.35482
41.8978,-71.35483
41.89778,-71.35495
41.89773,-71.35522
41.89766,-71.35563
41.89746,-71.35677
41.89729,-71.35769
41.89683,-71.36036
41.89678,-71.36062
41.89663,-71.36156
41.89605,-71.36481
41.89566,-71.36694
41.89547,-71.36802
41.8953,-71.36907
41.89497,-71.37085
41.89495,-71.371
41.89492,-71.37114
41.89446,-71.37377
41.89446,-71.3738
41.89445,-71.37385
41.89433,-71.37449
41.89426,-71.37488
41.89425,-71.37492
41.89424,-71.37497
41.89411,-71.37573
41.89404,-71.37608
41.89393,-71.37672
41.89353,-71.37895
41.89342,-71.37951
41.89337,-71.37968
41.89332,-71.37993
41.89316,-71.38044
41.89306,-71.38075
41.89293,-71.38108
41.89253,-71.38204
41.89235,-71.38246
41.89222,-71.38272
41.892,-71.38313
41.89172,-71.38354
41.8914,-71.38394
41.89123,-71.38412
41.89087,-71.38445
41.8906,-71.38463
41.89039,-71.38475
41.89017,-71.38486
41.8899,-71.38496
41.88954,-71.38505
41.88939,-71.38507
41.88907,-71.38512
41.88828,-71.3852
41.88817,-71.38521
41.88539,-71.38545
41.88528,-71.38546
41.88511,-71.38548
41.88482,-71.38552
41.88471,-71.38553
41.88438,-71.38558
41.88402,-71.38566
41.88396,-71.38568
41.88391,-71.3857
41.88381,-71.38574
41.88358,-71.38582
41.88333,-71.38594
41.8831,-71.38606
41.88286,-71.38622
41.8827,-71.38635
41.88254,-71.38649
41.88253,-71.3865
41.88226,-71.38676
41.88219,-71.38682
41.88192,-71.38714
41.88167,-71.38741
41.88146,-71.38769
41.88103,-71.38834
41.88039,-71.38939
41.88032,-71.38952
41.87973,-71.3905
41.87908,-71.39158
41.87767,-71.394
41.87662,-71.39566
41.8756,-71.39702
41.87516,-71.3975
41.87351,-71.3987
41.87272,-71.39919
41.86849,-71.40172
41.86604,-71.40332
41.86308,-71.40496
41.86129,-71.40552
41.8582,-71.40671
41.85687,-71.4075
41.85613,-71.40804
41.85488,-71.40882
41.85065,-71.41146
41.84662,-71.41363
41.8451,-71.41483
41.84297,-71.41627
41.84217,-71.41665
41.84151,-71.41682
41.84106,-71.41695
41.84056,-71.41696
41.83995,-71.41695
41.83933,-71.41677
41.83842,-71.41626
41.83703,-71.41563
41.83505,-71.4142
41.83303,-71.4129
41.83234,-71.41263
41.8314,-71.41232
41.83078,-71.4122
41.83055,-71.41232
41.82929,-71.4133
41.82929,-71.4133
41.82682,-71.41282
41.82682,-71.41282
41.82676,-71.41279
41.82633,-71.41411
41.8261,-71.4148
41.82591,-71.41538
41.82584,-71.41567
41.82579,-71.41598
41.82581,-71.4163
41.82584,-71.41656
41.82594,-71.41706
41.82601,-71.4173
41.82612,-71.41756
41.82618,-71.41771
41.82621,-71.41779
41.82636,-71.41815
41.82652,-71.41849
41.82659,-71.41865
41.82663,-71.4188
41.82663,-71.41889
41.82663,-71.41901
41.82658,-71.41931
41.82648,-71.41954
41.82641,-71.41964
41.82633,-71.41973
41.82619,-71.41982
41.82613,-71.41985
41.82606,-71.41987
41.82595,-71.41988
41.82564,-71.41988
41.82543,-71.41987
41.82518,-71.41986
41.82471,-71.41989
41.82449,-71.41988
41.82428,-71.41991
41.82412,-71.41995
41.82374,-71.42005
41.82345,-71.42014
41.8234,-71.42015
41.82314,-71.42023
41.823,-71.42027
41.82261,-71.42038
41.82231,-71.42044
41.82222,-71.42045
41.8221,-71.42047
41.82181,-71.42047
41.82173,-71.42046
41.8215,-71.42043
41.82117,-71.42032
41.82072,-71.42014
41.82032,-71.41993
41.82008,-71.41976
41.81978,-71.41951
41.8197,-71.41941
41.81912,-71.41876
41.81896,-71.41859
41.81885,-71.41846
41.81845,-71.41796
41.81837,-71.41786
41.81817,-71.41761
41.81797,-71.41737
41.81769,-71.417
41.8175,-71.41675
41.81734,-71.41656
41.81683,-71.41575
41.81668,-71.41549
41.81661,-71.41536
41.81624,-71.41477
41.81605,-71.41443
41.81595,-71.41426
41.81585,-71.41405
41.81566,-71.4137
41.81543,-71.4133
41.81508,-71.41247
41.81498,-71.41216
41.81475,-71.41145
41.81447,-71.41057
41.81424,-71.40983
41.81419,-71.40962
41.81412,-71.40937
41.81403,-71.40907
41.81395,-71.40883
41.81378,-71.40847
41.81374,-71.40837
41.8136,-71.40812
41.81343,-71.40786
41.81313,-71.40752
41.81287,-71.40729
41.81249,-71.40699
41.81202,-71.40663
41.81175,-71.40641
41.81125,-71.40599
41.8109,-71.40572
41.81055,-71.40548
41.8104,-71.4054
41.81001,-71.40517
41.80982,-71.4051
41.80963,-71.40504
41.80944,-71.405
41.80919,-71.40497
41.80896,-71.40496
41.80886,-71.40497
41.80868,-71.40498
41.80843,-71.40502
41.80831,-71.40504
41.80785,-71.40515
41.80742,-71.40523
41.80716,-71.40524
41.80704,-71.40523
41.8068,-71.40519
41.80657,-71.40516
41.80647,-71.40513
41.80618,-71.40504
41.80567,-71.40486
41.80431,-71.40437
41.8036,-71.40411
41.80325,-71.404
41.80275,-71.40383
41.80057,-71.40306
41.80047,-71.40302
41.80035,-71.40298
41.80005,-71.4029
41.79983,-71.40284
41.79961,-71.40279
41.79939,-71.40277
41.799,-71.40279
41.79864,-71.40289
41.7986,-71.4029
41.7984,-71.40298
41.79801,-71.40326
41.79767,-71.40357
41.79755,-71.40372
41.79747,-71.40382
41.79714,-71.4043
41.79676,-71.40495
41.79583,-71.4068
41.79532,-71.40778
41.79475,-71.40887
41.79429,-71.40979
41.79391,-71.41054
41.79357,-71.41119
41.79317,-71.41198
41.79277,-71.41274
41.79235,-71.41355
41.79199,-71.4143
41.79166,-71.41511
41.79143,-71.41563
41.79118,-71.41614
41.79095,-71.41655
41.79081,-71.41678
41.79068,-71.417
41.79042,-71.41738
41.79015,-71.41778
41.78968,-71.4184
41.78945,-71.41868
41.78897,-71.41924
41.78877,-71.41945
41.78851,-71.41971
41.78804,-71.42017
41.78771,-71.42048
41.78756,-71.42063
41.78728,-71.42087
41.78701,-71.42111
41.78669,-71.42138
41.78657,-71.42148
41.78648,-71.42155
41.78613,-71.42186
41.78564,-71.42224
41.78537,-71.42241
41.78513,-71.42257
41.78467,-71.4229
41.78396,-71.42337
41.78333,-71.42373
41.78317,-71.42381
41.78299,-71.42391
41.78281,-71.424
41.78211,-71.42437
41.782,-71.42443
41.78189,-71.42448
41.78174,-71.42455
41.7813,-71.42476
41.78105,-71.42487
41.78079,-71.42499
41.78053,-71.42508
41.77938,-71.4255
41.77875,-71.42572
41.77708,-71.42635
41.77629,-71.42664
41.77609,-71.42671
41.77493,-71.42712
41.77406,-71.42742
41.77281,-71.42789
41.77255,-71.42799
41.77229,-71.42809
41.77155,-71.42835
41.77072,-71.42867
41.76962,-71.42907
41.7681,-71.42961
41.76743,-71.42986
41.76724,-71.42993
41.76707,-71.42999
41.76666,-71.43014
41.76581,-71.43044
41.76478,-71.43082
41.76444,-71.43094
41.76409,-71.43107
41.76254,-71.43164
41.76129,-71.43209
41.76084,-71.43226
41.76001,-71.43261
41.75942,-71.43292
41.75928,-71.43301
41.75916,-71.43309
41.75893,-71.43323
41.75857,-71.43347
41.75808,-71.43382
41.75783,-71.43401
41.75729,-71.43448
41.75699,-71.43475
41.7558,-71.43599
41.75465,-71.43719
41.75447,-71.43738
41.75418,-71.43768
41.7536,-71.43829
41.75296,-71.43896
41.75203,-71.43995
41.75175,-71.44024
41.7513,-71.44072
41.75066,-71.44132
41.75016,-71.44175
41.74974,-71.44207
41.74938,-71.44233
41.74921,-71.44244
41.74896,-71.4426
41.7486,-71.44279
41.74818,-71.443
41.74777,-71.44319
41.74688,-71.44357
41.74544,-71.44413
41.7445,-71.44451
41.74274,-71.44519
41.74168,-71.44562
41.74147,-71.44571
41.74073,-71.44606
41.73992,-71.4465
41.73937,-71.44683
41.73869,-71.44727
41.73773,-71.44796
41.73755,-71.44809
41.73746,-71.44816
41.73694,-71.44857
41.73602,-71.44937
41.73533,-71.45005
41.73487,-71.45052
41.73477,-71.45062
41.73398,-71.45152
41.73348,-71.45216
41.73314,-71.45258
41.73254,-71.45338
41.73185,-71.45431
41.73161,-71.45463
41.73109,-71.45532
41.73019,-71.4565
41.72971,-71.45714
41.72929,-71.45771
41.72878,-71.45841
41.72865,-71.45858
41.7286,-71.45864
41.72845,-71.45884
41.72789,-71.4596
41.72742,-71.46022
41.72677,-71.46112
41.72613,-71.46194
41.7261,-71.46199
41.72542,-71.46291
41.72507,-71.4634
41.7245,-71.46413
41.72382,-71.46505
41.72319,-71.46591
41.72245,-71.46688
41.72232,-71.46706
41.72216,-71.46723
41.72187,-71.46755
41.72171,-71.46772
41.72152,-71.46791
41.7208,-71.4686
41.72032,-71.469
41.72,-71.46927
41.71947,-71.46966
41.71926,-71.46974
41.71884,-71.46999
41.71799,-71.47042
41.71667,-71.47104
41.71631,-71.47121
41.7161,-71.47131
41.71601,-71.47135
41.7158,-71.47145
41.71519,-71.47171
41.71454,-71.47202
41.71411,-71.47221
41.71335,-71.47256
41.71292,-71.47274
41.71263,-71.47287
41.71204,-71.47308
41.71164,-71.47321
41.71119,-71.47332
41.71059,-71.47345
41.7101,-71.47352
41.70884,-71.47368
41.7075,-71.47368
41.70615,-71.47369
41.70516,-71.4737
41.70453,-71.47371
41.70386,-71.47373
41.70331,-71.47382
41.70245,-71.47403
41.7014,-71.47432
41.70129,-71.47436
41.69749,-71.4756
41.69725,-71.47568
41.69645,-71.47594
41.69432,-71.47661
41.6935,-71.47686
41.69285,-71.47704
41.69249,-71.47711
41.692,-71.47721
41.69096,-71.47741
41.69022,-71.47749
41.68903,-71.47756
41.68745,-71.47755
41.68523,-71.47752
41.68031,-71.4775
41.67912,-71.47749
41.67829,-71.47749
41.67772,-71.47755
41.67699,-71.47763
41.67625,-71.47779
41.67567,-71.47796
41.67525,-71.4781
41.67467,-71.47834
41.6741,-71.47862
41.67373,-71.47885
41.67299,-71.47932
41.67236,-71.47983
41.67172,-71.48035
41.67125,-71.48083
41.67073,-71.48143
41.66999,-71.48239
41.66989,-71.48257
41.66961,-71.48306
41.66933,-71.48363
41.66911,-71.4842
41.66895,-71.48471
41.66876,-71.48541
41.6686,-71.48621
41.66825,-71.4876
41.66807,-71.48819
41.66794,-71.48854
41.66786,-71.48872
41.66779,-71.4889
41.66756,-71.48933
41.66732,-71.48973
41.66709,-71.49003
41.66679,-71.49033
41.66646,-71.49061
41.66618,-71.49074
41.66576,-71.49084
41.66538,-71.49089
41.66511,-71.49088
41.66474,-71.49084
41.66344,-71.49062
41.66307,-71.49055
41.66294,-71.49053
41.66281,-71.4905
41.66244,-71.49046
41.66114,-71.49026
41.65977,-71.49006
41.65936,-71.49
41.65566,-71.48948
41.65442,-71.48927
41.65233,-71.48894
41.64925,-71.48848
41.64604,-71.48804
41.64461,-71.48784
41.64337,-71.48768
41.64126,-71.48758
41.63998,-71.48755
41.63759,-71.48749
41.63656,-71.48746
41.63287,-71.48739
41.63026,-71.48731
41.62933,-71.48732
41.62798,-71.48729
41.62554,-71.4871
41.62507,-71.48708
41.62321,-71.48697
41.62236,-71.48693
41.62062,-71.48688
41.62009,-71.48689
41.61984,-71.48692
41.61959,-71.48697
41.61908,-71.48712
41.61883,-71.48721
41.61848,-71.48737
41.61784,-71.48776
41.61742,-71.48803
41.61696,-71.48854
41.61656,-71.48898
41.61574,-71.48993
41.61538,-71.49034
41.61419,-71.49177
41.61399,-71.492
41.61387,-71.49224
41.61361,-71.49273
41.61353,-71.49294
41.61346,-71.49312
41.61342,-71.49329
41.61339,-71.49348
41.61339,-71.49364
41.61341,-71.49383
41.61346,-71.49402
41.61357,-71.49427
41.61364,-71.49437
41.61372,-71.49446
41.61389,-71.49462
41.61407,-71.4947
41.61429,-71.49473
41.6145,-71.49469
41.61469,-71.49456
41.6148,-71.49446
41.61491,-71.49431
41.615,-71.49413
41.61504,-71.49402
41.61509,-71.49384
41.61511,-71.49366
41.61511,-71.49348
41.6151,-71.49328
41.61505,-71.49288
41.61498,-71.4926
41.61492,-71.49244
41.61486,-71.49233
41.61476,-71.4922
41.61469,-71.49213
41.61461,-71.49207
41.61451,-71.49203
41.61413,-71.49196
41.61399,-71.492
41.61365,-71.49207
41.61322,-71.49218
41.61278,-71.49225
41.6127,-71.49226
41.61214,-71.49231
41.61204,-71.49232
41.61175,-71.49234
41.61145,-71.49236
41.61121,-71.49237
41.61111,-71.49238
41.61,-71.49244
41.60936,-71.49248
41.609,-71.49248
41.60868,-71.49252
41.60841,-71.49264
41.6082,-71.49275
41.60788,-71.49294
41.60544,-71.49462
41.60528,-71.49473
41.60501,-71.49491
41.60477,-71.49506
41.60453,-71.49519
41.60429,-71.4953
41.60401,-71.4954
41.60369,-71.49549
41.60275,-71.49566
41.59894,-71.49641
41.59634,-71.49687
41.59578,-71.49704
41.59538,-71.49724
41.59494,-71.4975
41.59394,-71.49826
41.59358,-71.49848
41.5889,-71.50135
41.58806,-71.50189
41.58766,-71.50209
41.58702,-71.50215
41.5865,-71.50215
41.58594,-71.50197
41.58554,-71.50177
41.58493,-71.5014
41.58446,-71.50095
41.58372,-71.50023
41.58367,-71.50019
41.58332,-71.4999
41.58296,-71.49962
41.583,-71.49939
41.58311,-71.49879
41.58313,-71.4984
41.58306,-71.49739
41.583,-71.49696
41.58282,-71.49622
41.58257,-71.49554
41.58238,-71.49513
41.58177,-71.49407
41.58133,-71.49343
41.58107,-71.49316
41.58084,-71.49296
41.58078,-71.49293
41.58086,-71.49264
41.58061,-71.49228
41.58065,-71.49201
41.58093,-71.49198
41.58109,-71.49198